0.0	NaN
0.02004008016032064	0.4008604530090607
0.04008016032064128	0.766126996664218
0.06012024048096192	0.7437746032263298
0.08016032064128256	0.7159657323561085
0.10020040080160321	0.6890945963146156
0.12024048096192384	0.6631192002235359
0.1402805611222445	0.6379955646521284
0.16032064128256512	0.6136811120254794
0.18036072144288579	0.5901347111379662
0.20040080160320642	0.5673167111481232
0.22044088176352705	0.545188966949641
0.24048096192384769	0.5237148561249374
0.2605210420841683	0.5028592877750115
0.280561122244489	0.48258870359745915
0.30060120240480964	0.4628710716516211
0.32064128256513025	0.4436758733053263
0.3406813627254509	0.4249740839012755
0.36072144288577157	0.4067381477129868
0.3807615230460922	0.3889419477806926
0.40080160320641284	0.3715607712273415
0.42084168336673344	0.3545712706547393
0.4408817635270541	0.33795142221084545
0.46092184368737477	0.3216804809024572
0.48096192384769537	0.3057389337040851
0.501002004008016	0.29010845098496313
0.5210420841683366	0.27477183674297173
0.5410821643286573	0.2597129780979229
0.561122244488978	0.2449167944581647
0.5811623246492986	0.2303691867347916
0.6012024048096193	0.21605698693769484
0.6212424849699398	0.2019679084480304
0.6412825651302605	0.18809049722299817
0.6613226452905812	0.17441408415165044
0.6813627254509018	0.16092873874517025
0.7014028056112225	0.14762522431198444
0.7214428857715431	0.1344949547374161
0.7414829659318637	0.1215299529594718
0.7615230460921844	0.10872281120685677
0.781563126252505	0.09606665304242618
0.8016032064128257	0.08355509723496132
0.8216432865731463	0.07118222346432827
0.8416833667334669	0.058942539849607026
0.8617234468937875	0.04683095227654077
0.8817635270541082	0.034842735489493015
0.9018036072144289	0.02297350590384059
0.9218436873747495	0.011219196087220292
0.9418837675350702	-0.00042396914789744614
0.9619238476953907	-0.011959495102372751
0.9819639278557114	-0.023390638064653645
1.002004008016032	-0.0347204247686827
1.0220440881763526	-0.04595167050425978
1.0420841683366733	-0.057086995949100966
1.062124248496994	-0.06812884279157738
1.0821643286573146	-0.07907948821227459
1.1022044088176353	-0.08994105829119385
1.122244488977956	-0.10071554040570321
1.1422845691382766	-0.11140479468232646
1.1623246492985972	-0.12201056456319333
1.182364729458918	-0.13253448654553607
1.2024048096192386	-0.14297809915005386
1.222444889779559	-0.15334285117132085
1.2424849699398797	-0.16363010926073554
1.2625250501002003	-0.17384116488981324
1.282565130260521	-0.18397724073896313
1.3026052104208417	-0.19403949655425756
1.3226452905811623	-0.20402903451214266
1.342685370741483	-0.2139469041295461
1.3627254509018036	-0.2237941067544382
1.3827655310621243	-0.23357159966959093
1.402805611222445	-0.24328029984007593
1.4228456913827656	-0.25292108733293267
1.4428857715430863	-0.2624948084354476
1.4629258517034067	-0.2720022784965863
1.4829659318637274	-0.28144428451434095
1.503006012024048	-0.29082158749007114
1.5230460921843687	-0.3001349245693377
1.5430861723446894	-0.3093850109872489
1.56312625250501	-0.31857254183495254
1.5831663326653307	-0.32769819366261504
1.6032064128256514	-0.33676262593302186
1.623246492985972	-0.34576648233881063
1.6432865731462927	-0.35471039199530696
1.6633266533066133	-0.36359497051996037
1.6833667334669338	-0.3724208210084844
1.7034068136272544	-0.3811885349169706
1.723446893787575	-0.3898986928584737
1.7434869739478958	-0.39855186532186443
1.7635270541082164	-0.4071486133200768
1.783567134268537	-0.41568948897428254
1.8036072144288577	-0.42417503603996015
1.8236472945891784	-0.4326057903803164
1.843687374749499	-0.440982280392044
1.8637274549098197	-0.4493050273879662
1.8837675350701404	-0.4575745459407142
1.9038076152304608	-0.46579134419122414
1.9238476953907815	-0.473955924125502
1.9438877755511021	-0.4820687818227892
1.9639278557114228	-0.4901304076779919
1.9839679358717435	-0.49814128660096285
2.004008016032064	-0.5061018981950055
2.024048096192385	-0.5140127169167328
2.0440881763527052	-0.521874212219232
2.064128256513026	-0.5296868486802983
2.0841683366733466	-0.5374510861173317
2.1042084168336674	-0.5451673796903498
2.124248496993988	-0.5528361799944144
2.1442885771543088	-0.5604579331426716
2.164328657314629	-0.5680330808410555
2.18436873747495	-0.5755620604556341
2.2044088176352705	-0.5830453050734543
2.224448897795591	-0.5904832435576802
2.244488977955912	-0.5978763005977187
2.2645290581162323	-0.6052248967549638
2.284569138276553	-0.6125294485047359
2.3046092184368736	-0.6197903682749152
2.3246492985971945	-0.627008064481725
2.344689378757515	-0.6341829415630708
2.364729458917836	-0.6413154000098007
2.3847695390781563	-0.6484058363952016
2.404809619238477	-0.6554546434030206
2.4248496993987976	-0.6624622098542664
2.444889779559118	-0.6694289207330087
2.464929859719439	-0.6763551572113785
2.4849699398797593	-0.6832412966739335
2.50501002004008	-0.6900877127415534
2.5250501002004007	-0.6968947752949798
2.5450901803607215	-0.7036628504981287
2.565130260521042	-0.7103923008212676
2.585170340681363	-0.7170834850641404
2.6052104208416833	-0.7237367583791176
2.625250501002004	-0.7303524722944273
2.6452905811623246	-0.7369309747375158
2.6653306613226455	-0.7434726100585871
2.685370741482966	-0.7499777190543462
2.7054108216432864	-0.7564466389919776
2.7254509018036073	-0.7628797036333779
2.7454909819639277	-0.7692772432596531
2.7655310621242486	-0.7756395846959016
2.785571142284569	-0.7819670513362709
2.80561122244489	-0.7882599631693096
2.8256513026052104	-0.7945186368035944
2.8456913827655312	-0.8007433854936411
2.8657314629258517	-0.8069345191660902
2.8857715430861726	-0.8130923444461493
2.905811623246493	-0.8192171646843006
2.9258517034068134	-0.8253092799832333
2.9458917835671343	-0.8313689872250254
2.9659318637274548	-0.8373965800985189
2.9859719438877756	-0.8433923491269111
3.006012024048096	-0.8493565816955212
3.026052104208417	-0.8552895620797251
3.0460921843687374	-0.8611915714730484
3.0661322645290583	-0.8670628880153868
3.0861723446893787	-0.8729037868213528
3.1062124248496996	-0.8787145400087206
3.12625250501002	-0.8844954167269599
3.1462925851703405	-0.8902466831858369
3.1663326653306614	-0.8959686026840766
3.186372745490982	-0.9016614356380545
3.2064128256513027	-0.9073254396105198
3.226452905811623	-0.9129608693393242
3.246492985971944	-0.9185679767661435
3.2665330661322645	-0.9241470110651846
3.2865731462925853	-0.9296982186718509
3.306613226452906	-0.9352218433113707
3.3266533066132267	-0.9407181260273624
3.346693386773547	-0.9461873052103219
3.3667334669338675	-0.9516296166260405
3.3867735470941884	-0.9570452934439182
3.406813627254509	-0.9624345662651751
3.4268537074148298	-0.9677976631509508
3.44689378757515	-0.9731348096502745
3.466933867735471	-0.9784462288279069
3.4869739478957915	-0.9837321412920318
3.5070140280561124	-0.9889927652218057
3.527054108216433	-0.9942283163947429
3.5470941883767537	-0.9994390082139362
3.567134268537074	-1.0046250517351043
3.5871743486973946	-1.0097866556934612
3.6072144288577155	-1.0149240265303996
3.627254509018036	-1.020037368419981
3.647294589178357	-1.025126883295232
3.6673346693386772	-1.0301927708742376
3.687374749498998	-1.03523522868603
3.7074148296593186	-1.0402544520962647
3.7274549098196395	-1.045250634332685
3.74749498997996	-1.0502239665103683
3.7675350701402808	-1.0551746376567497
3.787575150300601	-1.0601028347364239
3.8076152304609217	-1.0650087426757198
3.8276553106212425	-1.0698925443870484
3.847695390781563	-1.0747544207930146
3.867735470941884	-1.0795945508503022
3.8877755511022043	-1.0844131115733184
3.907815631262525	-1.0892102780576107
3.9278557114228456	-1.0939862235030406
3.9478957915831665	-1.0987411192367156
3.967935871743487	-1.1034751347356966
3.987975951903808	-1.1081884376494542
4.008016032064128	-1.1128811938220857
4.028056112224449	-1.117553567314302
4.04809619238477	-1.122205720425162
4.0681362725450905	-1.1268378137135797
4.0881763527054105	-1.1314500060195805
4.108216432865731	-1.1360424544853314
4.128256513026052	-1.1406153145759184
4.148296593186373	-1.1451687400998973
4.168336673346693	-1.149702883229605
4.188376753507014	-1.1542178945212314
4.208416833667335	-1.1587139229346575
4.228456913827655	-1.163191115853063
4.248496993987976	-1.1676496191022991
4.268537074148297	-1.1720895769700266
4.2885771543086175	-1.1765111322246284
4.3086172344689375	-1.1809144261338924
4.328657314629258	-1.1852995984834636
4.348697394789579	-1.1896667875950775
4.3687374749499	-1.1940161303445593
4.38877755511022	-1.1983477621796133
4.408817635270541	-1.2026618171373826
4.428857715430862	-1.2069584278617884
4.448897795591182	-1.2112377256206635
4.468937875751503	-1.2154998403226562
4.488977955911824	-1.2197449005339371
4.509018036072145	-1.223973033494673
4.529058116232465	-1.2281843651353144
4.5490981963927855	-1.2323790200926628
4.569138276553106	-1.236557121725729
4.589178356713427	-1.240718792131402
4.609218436873747	-1.244864152159903
4.629258517034068	-1.248993321430046
4.649298597194389	-1.2531064183443028
4.669338677354709	-1.257203560103666
4.68937875751503	-1.2612848627223288
4.709418837675351	-1.2653504410421659
4.729458917835672	-1.269400408747026
4.749498997995992	-1.2734348783768443
4.7695390781563125	-1.277453961341559
4.789579158316633	-1.2814577679348609
4.809619238476954	-1.2854464073477467
4.829659318637274	-1.2894199876819008
4.849699398797595	-1.2933786159629066
4.869739478957916	-1.2973223981532704
4.889779559118236	-1.3012514391652885
4.909819639278557	-1.30516584287373
4.929859719438878	-1.309065712128364
4.949899799599199	-1.312951148766311
4.969939879759519	-1.3168222536242362
4.98997995991984	-1.3206791265503823
5.01002004008016	-1.3245218664164387
5.030060120240481	-1.3283505711292511
5.050100200400801	-1.332165337642385
5.070140280561122	-1.335966261967525
5.090180360721443	-1.339753439185729
5.110220440881764	-1.3435269634585283
5.130260521042084	-1.3472869280388833
5.150300601202405	-1.3510334252819944
5.170340681362726	-1.3547665466559644
5.190380761523046	-1.3584863827523193
5.210420841683367	-1.3621930232963964
5.2304609218436875	-1.3658865571575842
5.250501002004008	-1.3695670723594304
5.270541082164328	-1.3732346560896185
5.290581162324649	-1.3768893947098046
5.31062124248497	-1.380531373765329
5.330661322645291	-1.384160677994798
5.350701402805611	-1.3877773913395313
5.370741482965932	-1.3913815969528942
5.390781563126253	-1.3949733772095014
5.410821643286573	-1.398552813714289
5.430861723446894	-1.402119987311488
5.4509018036072145	-1.4056749780934532
5.470941883767535	-1.4092178654093928
5.490981963927855	-1.4127487278739783
5.511022044088176	-1.4162676433758326
5.531062124248497	-1.4197746890859144
5.551102204408818	-1.4232699414657908
5.571142284569138	-1.4267534762757925
5.591182364729459	-1.4302253685830733
5.61122244488978	-1.4336856927695525
5.6312625250501	-1.4371345225397565
5.651302605210421	-1.4405719309285576
5.671342685370742	-1.4439979903088132
5.6913827655310625	-1.4474127723988983
5.7114228456913825	-1.4508163482701388
5.731462925851703	-1.4542087883541608
5.751503006012024	-1.4575901624501197
5.771543086172345	-1.460960539731857
5.791583166332665	-1.4643199887549503
5.811623246492986	-1.467668577463675
5.831663326653307	-1.4710063731978722
5.851703406813627	-1.4743334426997365
5.871743486973948	-1.4776498521204964
5.891783567134269	-1.4809556670270274
5.9118236472945895	-1.4842509524083696
5.9318637274549095	-1.487535772682158
5.95190380761523	-1.4908101917009753
5.971943887775551	-1.4940742727586185
5.991983967935872	-1.4973280785962855
6.012024048096192	-1.5005716714086812
6.032064128256513	-1.5038051128500438
6.052104208416834	-1.5070284640400982
6.072144288577154	-1.5102417855699222
6.092184368737475	-1.5134451375077507
6.112224448897796	-1.5166385794046922
6.132264529058117	-1.5198221703003807
6.152304609218437	-1.5229959687285481
6.1723446893787575	-1.5261600327225389
6.192384769539078	-1.5293144198207282
6.212424849699399	-1.5324591870719062
6.232464929859719	-1.5355943910405563
6.25250501002004	-1.5387200878120972
6.272545090180361	-1.5418363329980365
6.292585170340681	-1.5449431817410728
6.312625250501002	-1.5480406887201255
6.332665330661323	-1.5511289081553032
6.352705410821644	-1.5542078938128083
6.372745490981964	-1.557277699009781
6.3927855711422845	-1.5603383766190801
6.412825651302605	-1.563389979074009
6.432865731462926	-1.5664325583729728
6.452905811623246	-1.569466166084084
6.472945891783567	-1.5724908533497095
6.492985971943888	-1.57550667089096
6.513026052104208	-1.5785136690121195
6.533066132264529	-1.581511897605026
6.55310621242485	-1.5845014061533993
6.573146292585171	-1.587482243737094
6.593186372745491	-1.590454459036333
6.613226452905812	-1.5934181003358663
6.6332665330661325	-1.5963732155290737
6.653306613226453	-1.599319852122042
6.673346693386773	-1.6022580572375575
6.693386773547094	-1.6051878776190878
6.713426853707415	-1.6081093596346763
6.733466933867735	-1.6110225492808192
6.753507014028056	-1.6139274921862785
6.773547094188377	-1.6168242336158458
6.793587174348698	-1.6197128184740834
6.813627254509018	-1.6225932913089824
6.833667334669339	-1.6254656963156153
6.8537074148296595	-1.628330077339709
6.87374749498998	-1.6311864778812066
6.8937875751503	-1.6340349410977593
6.913827655310621	-1.6368755098081886
6.933867735470942	-1.6397082264959122
6.953907815631262	-1.642533133312311
6.973947895791583	-1.6453502720800723
6.993987975951904	-1.648159684296486
7.014028056112225	-1.6509614111366966
7.034068136272545	-1.6537554934569298
7.054108216432866	-1.6565419717976624
7.074148296593187	-1.6593208863867706
7.094188376753507	-1.6620922771426307
7.114228456913827	-1.6648561836771827
7.134268537074148	-1.667612645298968
7.154308617234469	-1.6703617010161198
7.174348697394789	-1.673103389539319
7.19438877755511	-1.6758377492847234
7.214428857715431	-1.6785648183768542
7.234468937875752	-1.68128463465145
7.254509018036072	-1.6839972356582946
7.274549098196393	-1.6867026586639928
7.294589178356714	-1.6894009406547426
7.3146292585170345	-1.6920921183390425
7.3346693386773545	-1.6947762281503973
7.354709418837675	-1.697453306249968
7.374749498997996	-1.7001233885292033
7.394789579158316	-1.7027865106124436
7.414829659318637	-1.7054427078594843
7.434869739478958	-1.708092015368111
7.454909819639279	-1.7107344679766197
7.474949899799599	-1.713370100266285
7.49498997995992	-1.715998946563821
7.515030060120241	-1.7186210409437992
7.5350701402805615	-1.7212364172310501
7.5551102204408815	-1.7238451090030198
7.575150300601202	-1.7264471495921252
7.595190380761523	-1.7290425720880573
7.615230460921843	-1.7316314093400755
7.635270541082164	-1.7342136939592694
7.655310621242485	-1.7367894583207866
7.675350701402806	-1.739358734566056
7.695390781563126	-1.7419215546049605
7.715430861723447	-1.7444779501180097
7.735470941883768	-1.7470279525584693
7.755511022044089	-1.7495715931544737
7.775551102204409	-1.7521089029111174
7.7955911823647295	-1.7546399126125214
7.81563126252505	-1.7571646528238676
7.83567134268537	-1.7596831538934283
7.855711422845691	-1.7621954459545566
7.875751503006012	-1.7647015589276605
7.895791583166333	-1.7672015225221582
7.915831663326653	-1.7696953662384092
7.935871743486974	-1.7721831193696178
7.955911823647295	-1.7746648110037277
7.975951903807616	-1.7771404700252882
7.995991983967936	-1.7796101251172967
8.016032064128256	-1.7820738047630313
8.036072144288577	-1.7845315372478496
8.056112224448897	-1.7869833506609845
8.076152304609218	-1.7894292728973031
8.09619238476954	-1.7918693316590513
8.11623246492986	-1.7943035544575965
8.136272545090181	-1.7967319686151275
8.156312625250502	-1.7991546012663413
8.176352705410821	-1.8015714793601239
8.196392785571142	-1.803982629661203
8.216432865731463	-1.8063880787517836
8.236472945891784	-1.8087878530331634
8.256513026052104	-1.8111819787273429
8.276553106212425	-1.8135704818786007
8.296593186372746	-1.8159533883550654
8.316633266533065	-1.8183307238502644
8.336673346693386	-1.8207025138846602
8.356713426853707	-1.8230687838071664
8.376753507014028	-1.8254295587966454
8.396793587174349	-1.8277848638633998
8.41683366733467	-1.8301347238506354
8.43687374749499	-1.8324791634359232
8.45691382765531	-1.8348182071326289
8.47695390781563	-1.837151879291341
8.496993987975952	-1.8394802041012814
8.517034068136272	-1.841803205591691
8.537074148296593	-1.8441209076332163
8.557114228456914	-1.8464333339392685
8.577154308617235	-1.8487405080673764
8.597194388777556	-1.8510424534205192
8.617234468937875	-1.8533391932484542
8.637274549098196	-1.855630750649015
8.657314629258517	-1.8579171485694181
8.677354709418838	-1.8601984098075304
8.697394789579159	-1.8624745570131511
8.71743486973948	-1.8647456126892543
8.7374749498998	-1.8670115991932386
8.75751503006012	-1.8692725387381492
8.77755511022044	-1.8715284533939007
8.797595190380761	-1.873779365088476
8.817635270541082	-1.87602529560912
8.837675350701403	-1.8782662666035177
8.857715430861724	-1.8805022995809573
8.877755511022045	-1.8827334159135014
8.897795591182364	-1.884959636837102
8.917835671342685	-1.8871809834527549
8.937875751503006	-1.8893974767276225
8.957915831663327	-1.8916091374961201
8.977955911823647	-1.89381598646103
8.997995991983968	-1.8960180441945929
9.01803607214429	-1.898215331139567
9.03807615230461	-1.9004078676103022
9.05811623246493	-1.9025956737937921
9.07815631262525	-1.9047787697507248
9.098196392785571	-1.906957175416503
9.118236472945892	-1.9091309106022745
9.138276553106213	-1.9112999949959437
9.158316633266534	-1.9134644481631733
9.178356713426854	-1.9156242895483766
9.198396793587174	-1.9177795384756986
9.218436873747494	-1.9199302141499905
9.238476953907815	-1.922076335657779
9.258517034068136	-1.9242179219682025
9.278557114228457	-1.926354991933978
9.298597194388778	-1.9284875642923118
9.318637274549099	-1.9306156576658489
9.338677354709418	-1.9327392905635705
9.358717434869739	-1.9348584813817178
9.37875751503006	-1.936973248404675
9.39879759519038	-1.9390836098058695
9.418837675350701	-1.941189583648653
9.438877755511022	-1.9432911878871701
9.458917835671343	-1.9453884403672232
9.478957915831664	-1.9474813588271327
9.498997995991983	-1.9495699608985764
9.519038076152304	-1.95165426410744
9.539078156312625	-1.9537342858746416
9.559118236472946	-1.95581004351695
9.579158316633267	-1.9578815542478145
9.599198396793588	-1.9599488351781562
9.619238476953909	-1.9620119033171788
9.639278557114228	-1.964070775573162
9.659318637274549	-1.9661254687542318
9.67935871743487	-1.9681759995691581
9.69939879759519	-1.9702223846281086
9.719438877755511	-1.972264640443414
9.739478957915832	-1.9743027834303306
9.759519038076153	-1.9763368299077808
9.779559118236472	-1.9783667960990972
9.799599198396793	-1.9803926981327573
9.819639278557114	-1.9824145520431082
9.839679358717435	-1.9844323737710876
9.859719438877756	-1.9864461791649375
9.879759519038076	-1.9884559839809102
9.899799599198397	-1.990461803883975
9.919839679358718	-1.9924636544485004
9.939879759519037	-1.994461551158943
9.959919839679358	-1.9964555094105456
9.97995991983968	-1.9984455445099878
10.0	-2.0004316716760635
